Phosphosite	KINASE	Data1	Data2	Data3	Data4	Data5	Data6	Data7	Data8
CREB1_Q01147_S142	"CSNK2A1,CAMK2A"	1.693241094	-1.289122377	1.35868517	0.433072937	-0.185162204	1.614422321	0.9477631	-0.990743986
SRRM2_Q8BTI8_T1370	CDK1	0.127419297	-0.132950758	-1.382909841	-1.29785621	0.040170523	0.624228061	-0.711300708	-0.50902474
ADD1_Q9QYC0_S613	CDK2	0.129410545	-0.136032087	1.532747743	1.391846428	-0.75303628	-0.847840965	1.383161789	1.441470064
CREB1_Q01147_S114	"CSNK1A1,CSNK2A1"	1.612058147	-1.202823093	3.117023106	2.373071042	-1.077986784	1.198923355	1.618497626	-0.842615864
CREB1_Q01147_S111	"ATM,CSNK1A1,CSNK2A1"	1.463882614	-1.053660509	3.937666065	2.899044444	-0.705896352	0.839153022	2.231662726	0.131140965
GRK5_Q8VEB1_S484	GRK5	-0.194024514	0.182572296	-1.966259593	-0.885448448	-1.477947574	-1.463831216	-2.055326621	-1.627709079
RCSD1_Q3UZA1_S179	MAPKAPK2	-0.073960748	0.065741574	-0.498949026	-0.755675706	0.959994105	1.035806211	-0.513818378	-0.192102745
HDAC7_Q8C2B3_S344	"CAMK1,PRKD1"	0.099138645	-0.112220056	1.315159198	1.452760994	0.092168731	-0.695180704	0.635273823	1.042512401
NUMB_Q9QZS3_S276	"CAMK4,CAMK1,CAMK2A"	0.702363831	-0.745900542	-0.445374308	0.142796675	0.335237628	-0.147611031	0.548329102	0.208111091
CDK13_Q69ZA1_S438	CHEK1	0.015288061	-0.014609378	0.177273993	0.06761023	0.374005631	0.465348029	0.782690877	-0.155268875
ANAPC1_P53995_S688	"PLK1,CDK1"	-0.025990135	0.026064255	0.197835715	0.2490716	-0.193879143	-0.968549235	0.568243484	0.23942501
HDAC1_O09106_S423	CSNK2A1	0.141824549	-0.13620388	-0.146278021	-0.37870123	-0.172086973	-0.103725948	0.006412427	-0.451969981
HDAC1_O09106_S421	CSNK2A1	0.141824549	-0.13620388	-0.146278021	-0.37870123	-0.172086973	-0.103725948	0.006412427	-0.451969981
FOXO1_Q9R1E0_S467	"MAPK1,MAPK14"	-0.113260952	0.104856979	2.927462968	2.655643857	-0.109315319	-0.017875738	2.174138938	1.751754013
FOXO1_Q9R1E0_S475	"MAPK1,MAPK14"	0.18380043	-0.182023382	1.774978645	1.418491077	-0.595775062	-0.414744377	0.820602686	0.463349563
CDKN1B_P46414_S178	MAPK1	-0.352076557	0.336066694	1.085265064	0.279739902	0.165264351	-0.148718985	0.428853263	-0.153741789
PFKFB2_P70265_S469	"PRKAA1,PRKACA,AKT1"	0.117797711	-0.11582465	0.263369474	0.80616677	0.053542028	-0.23145323	0.364496932	0.651173886
ADAM17_Q9Z0F8_S794	PLK2	0.406152009	-0.484578114	-0.597881005	-0.149622101	1.165658139	0.784001949	-0.20325205	-0.124507813
FOXO1_Q9R1E0_S284	"MAPK1,MAPK14"	0.208923099	-0.20815982	3.416113887	3.060056321	-0.238436059	-0.310811091	2.607026817	2.295207152
POLR2A_P08775_T1915	CDK2	-0.127237788	0.134984295	-0.309505874	-0.43161677	0.087015219	-0.305601583	-0.255230659	-0.127122196
HDAC2_P70288_S394	CSNK2A1	-0.106237368	0.106555559	0.25553809	0.361652653	-0.081752356	-0.116706895	0.55804887	0.144971638
CHEK1_O35280_S280	AKT1	-0.116053095	0.115335997	-0.870470297	-0.315699068	0.349156967	0.977368038	-0.248677219	0.462947313
CAMK4_P08414_T200	CAMKK1	0.46387935	-0.460127393	-1.005199104	0.425897847	1.183088063	1.783866286	2.333839304	0.437670117
FOXO1_Q9R1E0_S326	"MAPK1,NLK,MAPK14,DYRK1A"	0.00110298	-9.77E-04	-0.846555033	-1.575116974	-0.293500802	-1.159590818	-2.45150942	-1.583461041
BCLAF1_Q8K019_S529	GSK3B	-0.018821141	0.019314654	-0.448036532	-0.259066655	0.11805288	0.13495922	-0.385415024	0.040029706
SNRNP70_Q62376_S226	CDK2	0.071190993	-0.069600607	-1.169652576	-1.089921814	0.145307194	0.238069836	-1.142864069	-1.150274997
NSFL1C_Q9CZ44_S140	CDK1	-0.11793325	0.117854373	0.674502128	0.876407245	-0.596596029	-0.410499168	0.424072814	0.684501527
PRKAB1_Q9R078_S174	PRKAA1	0.15241047	-0.158309525	0.782897946	0.742876899	-0.522890677	-0.65674764	0.127932927	0.228400225
CBX3_P23198_S93	PRKACA	-0.207254559	0.196878766	-1.454386832	-1.28538038	-1.009897182	-0.897596184	-1.716941062	-1.486889921
CHFR_Q810L3_S231	MTOR	-0.288197409	0.259488101	0.575361197	1.910163583	0.332339244	0.469155003	1.756208939	0.495439731
RPS6_P62754_S240	RPS6KB1	0.120185556	-0.116458958	5.984942645	5.970840999	0.021807174	1.305788499	2.13678793	2.377947402
CAD_B2RQC6_S1406	PRKACA	0.363823828	-0.37375632	-2.981765648	-2.667518994	1.166456273	1.722545275	-2.113499905	-3.135011955
RPS6_P62754_S235	"RPS6KA3,RPS6KA1,RPS6KB2,RPS6KB1,AKT1,AKT2,PRKCD"	0.284136779	-0.286442473	4.564257474	4.744658123	0.037150793	-0.067941674	-0.307193674	-0.360310591
RPS6_P62754_S236	"RPS6KA3,RPS6KA1,RPS6KB2,RPS6KB1,PRKACA,AKT1,AKT2,PRKCA,PRKCD"	0.286448615	-0.288936454	4.793400734	4.919963289	0.079829476	0.102802746	0.203767526	0.225233978
DAXX_O35613_S736	CSNK2A1	-0.017267758	0.016801631	0.414653182	0.589850638	0.232063652	-0.331423145	0.538651574	0.127520235
DAXX_O35613_S738	CSNK2A1	0.048410312	-0.047768839	-0.087972	0.491519918	0.680773489	-0.26558981	0.543787745	-0.251766701
SUDS3_Q8BR65_S234	CDK2	-0.214309912	0.219873448	0.605755744	1.026778001	0.25619115	0.378077062	0.14687709	0.432141534
SUDS3_Q8BR65_S236	CDK2	-0.192539203	0.198553072	0.391342041	0.468169057	-0.074063939	-0.124967775	-0.240414315	-0.050509996
SUDS3_Q8BR65_S237	CDK2	-0.229183283	0.234316073	0.550592864	0.775524108	0.154775681	0.15276358	0.049867463	0.174238629
PTBP1_P17225_S16	PRKACA	0.387185773	-0.420365233	-1.109956569	-1.402325484	-1.814705022	-0.92779206	-0.025870497	-0.398911079
HNRNPC_Q9Z204_S268	"CSNK1A1,CSNK2A1"	0.013806458	-0.013477456	-0.147969242	-0.793933753	-0.279927098	0.101864087	0.03516026	-0.521823221
HNRNPC_Q9Z204_S261	CSNK1A1	0.092492911	-0.092071419	-0.437777078	-0.737986384	-0.771941168	0.006342071	-0.14048211	-0.54578668
RASGRP2_Q9QUG9_S586	PRKACA	0.300530003	-0.337744666	-0.032407525	0.485904757	1.14862544	-0.794904555	1.064272808	0.347581252
D17WSU92E_Q3TT38_S215	CDK2	0.507209732	-0.483783387	1.536273933	1.301387332	-1.001281783	-0.166744041	-0.900519227	-0.696880969
MCM2_P97310_S27	"CDC7,CSNK2A1,CDK7,CDK2"	0.143574337	-0.152331727	-0.142338554	-0.253463339	0.187371575	-0.26928052	-1.19775229	-0.738082994
PPP1R12B_Q8BG95_T645	ROCK1	-0.183456533	0.1733475	0.662397562	1.435631618	0.33246358	-0.060027404	2.392045493	2.558797861
ABL1_P00520_S569	CDK1	0.257523064	-0.260461919	0.635210174	0.256628099	0.387704874	-0.117620654	0.465504595	0.341823568
SLAMF1_Q9QUM4_Y288	FYN	-2.02590753	2.935435325	-6.228739326	-5.777342561	0.15315567	-1.17449194	-6.502430222	-3.841635487
DEK_Q7TNV0_S33	CSNK2A1	0.20945913	-0.212639148	-0.651493559	-1.013436776	-0.411319344	-0.288885469	-0.205522791	-0.427007276
SPN_P15702_S347	PRKCQ	0.027281767	-0.026955348	-0.255213348	-0.283243376	-0.087351927	0.305505545	-0.534344819	0.191677375
SPN_P15702_S343	PRKCA	0.2187778	-0.226355226	-1.029239047	-1.128265728	-0.160628574	0.134981847	-1.113470527	0.236374792
FOXK2_Q3UCQ1_S389	MTOR	0.207828072	-0.246153068	1.552958983	1.479341918	1.282609753	-0.060776513	0.947508879	1.071612297
WAS_P70315_S502	CSNK2A1	-0.118708846	0.121331495	-0.882964606	-1.066242296	-0.109423515	0.074250401	-0.099324139	-0.198195503
WAS_P70315_S501	CSNK2A1	-0.033353708	0.034831508	-1.126060297	-1.421788991	-0.208261477	0.193058273	-0.376377141	-0.429605114
TMPO_Q61029_S179	PRKCA	-0.094863796	0.096422043	-0.658413834	-0.784848594	-0.016034316	-0.234384981	-0.563676591	-0.269493859
UBXN1_Q922Y1_S199	CDK2	0.25018842	-0.259788058	0.315309284	0.229485439	-0.182960915	-0.076843912	-0.261994464	-0.532203556
FAM207A_P58468_S38	MAPK1	0.088375285	-0.099228676	-0.147210249	0.019669774	0.232447475	0.733835099	-0.708993543	-0.149305901
PLCL1_Q3USB7_T94	PRKACA	0.87019267	-1.111926513	-2.357832838	-1.056292512	-0.194051172	0.20473123	-1.249938669	-1.904788093
UBXN1_Q922Y1_S200	CDK2	0.337562609	-0.358229043	-0.602466391	-0.791467061	-0.136682069	0.091055336	-0.843158212	-1.205418815
PPP1R12A_Q9DBR7_S445	NUAK1	0.496047061	-0.550032484	-0.441325685	0.279442299	-0.188380841	-0.107168702	-1.38901843	0.516721628
DYRK1A_Q61214_Y321	DYRK1A	0.119698688	-0.1206227	-0.160357012	-0.239799107	-0.098799922	-0.007962023	-0.174247435	-0.646069492
DEK_Q7TNV0_S247	CSNK2A1	0.228168299	-0.232689472	-0.147751329	-0.311562487	-0.17653582	-0.110586494	-0.009051212	-0.419679925
DEK_Q7TNV0_S248	CSNK2A1	0.228168299	-0.232689472	-0.147751329	-0.311562487	-0.17653582	-0.110586494	-0.009051212	-0.419679925
DEK_Q7TNV0_S255	CSNK2A1	0.248937915	-0.255162899	-0.437505933	-0.662341956	-0.16729107	-0.130886204	-0.17359392	-0.599699294
CBX5_Q61686_S92	AURKB	0.255100433	-0.258519642	-2.280534836	-2.130996425	-0.719248337	-0.452356712	-1.715946694	-3.484487981
CBX5_Q61686_S97	CSNK2A1	0.207900215	-0.208284333	-0.638847433	-0.858834872	-0.45972938	-0.210115774	-1.484050422	-3.340906453
HMGA1_P17095_S103	CSNK2A1	-0.028361381	0.026871788	0.939848323	0.829091527	-0.513398388	-0.689784497	-0.269816613	-0.66786621
HMGA1_P17095_S102	CSNK2A1	-0.072990318	0.068363092	1.229029631	1.102421731	-0.52815266	-0.768361437	-0.147496223	-0.521862921
RPTOR_Q8K4Q0_S859	MTOR	0.259086279	-0.28644083	3.233240408	3.15194536	2.22567559	3.53935989	2.897044274	3.122194363
RALY_Q64012_S135	CDK2	-0.090284649	0.09730141	-0.478082825	-0.559835997	0.707132486	0.709172101	0.139901528	0.093214319
MCL1_P97287_T144	"MAPK1,MAPK3,MAPK8,MAPK10,MTOR"	-0.436007357	0.408716319	-0.632914504	0.46083647	-2.724420371	0.886921895	0.723578522	0.296863781
SRRM1_Q52KI8_T593	MTOR	-0.330034301	0.381656449	-0.538500894	-0.400249393	0.432171729	-0.154660591	-0.672278766	-0.132403282
NDRG1_Q62433_S330	"PRKACA,SGK1"	-0.504842543	0.459846063	0.976788329	1.056385455	-0.789776139	-1.385449059	-1.177216459	-1.819422524
SRRM1_Q52KI8_S810	CDK2	-0.471060297	0.526218199	-0.278311506	-0.222324443	0.111803098	-0.345275816	-0.556244003	0.053518013
SRRM1_Q52KI8_S814	CDK2	-0.457162732	0.51239628	-0.499608803	-0.440998376	0.032651298	-0.500062019	-0.778020928	-0.155477521
PPP1CA_P62137_T320	"LMTK2,AKT1,CDK1,CDK5,CDK2"	-0.169997129	0.179176307	-1.430942197	-0.595384335	1.187494642	0.765680455	-0.975193524	-0.464877875
PLCL1_Q3USB7_S96	PRKACA	0.87019267	-1.111926513	-2.357832838	-1.056292512	-0.194051172	0.20473123	-1.249938669	-1.904788093
FLII_Q9JJ28_S436	SGK3	0.166141887	-0.17148423	1.622502293	2.196517937	-0.102618374	0.694595034	2.651043523	2.935483343
SUPT6H_Q62383_T1523	CDK2	-0.378492428	0.380147884	-1.694216713	-1.698207592	0.825943401	-0.102599505	-0.720450338	-1.04879025
RRN3_B2RS91_S170	CSNK2A1	0.161213666	-0.1401873	-4.245665372	-4.045619668	-0.503684385	-0.014659184	-1.767223959	-2.257820277
RRN3_B2RS91_S168	CSNK2A1	0.121731572	-0.104752205	-4.083332382	-3.897287841	0.226562164	-0.366825384	-1.328161638	-1.447139566
SGTA_Q8BJU0_S307	AKT2	0.068636357	-0.071584993	4.05570659	4.532744643	0.938671448	0.453139624	3.792735274	4.569154407
MRE11A_Q61216_S648	CSNK2A1	-0.227177922	0.222252639	0.271062285	0.090864207	-0.181488423	-0.300659784	0.452081193	0.287806324
DMAP1_Q9JI44_T446	CDK2	-0.027988435	0.02677937	2.588221667	1.730068096	0.37412117	1.446502793	1.804982324	0.487569806
HNRNPUL1_Q8VDM6_S719	CDK2	0.070346814	-0.074246079	0.991875622	0.806706185	0.617002305	0.176878932	0.577333314	0.131410338
PLCG1_Q62077_S1248	"PRKACA,AKT1,PRKCA"	0.100254232	-0.10728007	-1.217447113	-0.548454483	0.407256767	-0.192498	1.304720056	-1.563831085
SAFB_D3YXK2_S366	MAPK1	-0.157113414	0.153274656	0.285722371	0.377539844	-0.073471848	-0.026874352	-0.208590455	-0.248367103
PRKAA1_Q5EG47_S494	PRKAA1	0.324986099	-0.38594574	0.720311192	0.360144204	-0.694071046	0.002098453	-0.327311309	-1.198594951
PRKAA1_Q5EG47_S496	"PRKAA1,PRKACA,STK11,AKT1"	0.120670975	-0.135741252	0.351320595	0.463222099	0.173600063	0.502278954	0.481276518	-0.408691411
RPTOR_Q8K4Q0_S721	RPS6KA1	0.269001214	-0.298157936	0.734108193	0.913272042	3.187804051	2.821456273	1.983099151	2.852331289
RPTOR_Q8K4Q0_S722	RPS6KA1	0.025875436	-0.026970543	0.598254209	1.080307505	2.296379236	1.658396793	1.642061063	1.590242529
JUNB_P09450_S248	GSK3B	-0.845959559	0.917755089	-5.311379791	-5.488994408	0.081386348	0.453553501	-6.448693251	-5.365572233
OSBP_Q3B7Z2_S238	PRKD1	0.426948983	-0.454208946	2.601801008	1.92428656	0.063509002	0.337560293	1.808348206	1.536081781
OSBPL11_Q8CI95_S194	CHEK1	0.216408901	-0.22487681	1.048583293	0.766897981	-0.191385282	-0.003698456	0.644396644	0.46369673
PPP1R12C_Q3UMT1_S454	PRKAA2	0.254681772	-0.268212473	0.142079707	1.11130699	0.369494662	0.418496298	0.707189982	1.19137208
ZC3HC1_Q80YV2_S353	"MAPK1,MAPK3,NPM/ALK"	-0.028971701	0.029988181	-1.550258596	-1.56216527	-0.054054127	0.343853834	-1.599009578	-1.429105957
RPLP2_P99027_S105	ADRBK1	-0.227387787	0.217642369	-0.723752049	-1.188276533	-0.090606376	-0.137394765	0.019200269	-0.163404201
RPLP2_P99027_S102	ADRBK1	-0.239757723	0.22884922	-0.72185054	-1.202084121	-0.10484091	-0.153090678	0.012622775	-0.169943694
PEA15_Q62048_S104	PRKCA	0.766277352	-0.869282498	-0.054711426	0.370801272	0.29789435	0.65129367	0.197518773	0.30818243
PEA15_Q62048_S116	"CSNK2A1,AKT1,CAMK2A"	0.335600316	-0.340274389	0.761742616	0.872826329	-0.117112956	0.333947635	0.660828907	0.857840115
SSRP1_Q08943_S657	CSNK2A1	0.340926715	-0.371138741	-0.784363904	0.210296434	-0.093442404	-0.082773493	0.65211349	1.526940593
MAPK8IP3_Q9ESN9_S366	ROCK1	0.600710006	-0.705452719	-1.481839184	-1.080716158	-0.486347369	-0.140466466	-2.632651125	-1.650267095
ETS1_P27577_S285	CAMK2A	0.515341508	-0.443592486	3.451303322	3.644273179	-0.617521169	0.691420697	1.967890298	1.59263462
SQSTM1_Q64337_T269	CDK1	0.052962241	-0.054405411	-2.715082901	-1.888946738	-0.817474149	-0.310014347	-2.077789404	-2.0721849
GSK3A_Q2NL51_S21	"RPS6KA3,PRKACA,AKT1,PRKCA,PRKCH,PRKCG,PRKCD,PRKCB,CAMK2B"	-0.034222275	0.040241484	-0.218402748	-0.025358468	0.264395944	-0.445853397	0.192905111	-0.81115048
ETS1_P27577_S257	CAMK2A	0.461694435	-0.392372481	1.723686698	1.45709445	-0.330513896	0.5739339	1.385362914	0.415726484
MATR3_Q8K310_S195	CHEK1	-0.153340445	0.163334321	-1.84102312	-0.184034223	0.504595357	-0.491441076	-0.581976237	-0.569597677
DEK_Q7TNV0_S308	CSNK2A1	0.108080616	-0.10707759	1.35055568	1.077908864	-0.100485135	-0.150751763	0.789556216	0.620307706
PPP1R12A_Q9DBR7_T694	"PRKG1,ROCK1,ROCK2,PRKACA,PAK1,RAF1"	-0.174319807	0.164368805	0.657835175	1.370027985	0.817590934	-0.040885581	2.31426684	2.672990575
ADD1_Q9QYC0_S355	CDK1	0.03849833	-0.039582625	2.565598142	2.486229068	-0.124178781	0.24137144	2.250468707	2.124166551
BAD_Q61337_S136	"BRAF,PIM1,PIM3,PIM2,RPS6KA3,RPS6KA1,ARAF,RPS6KB1,PRKACA,AKT1,PAK1,PRKCI,PRKCE,PRKD1,PRKCQ,RAF1"	0.460653885	-0.446391786	-0.445553225	-0.456060156	0.003594114	0.242608569	0.360621208	-0.752149519
TOP1_Q04750_S396	CDK1	-0.184072686	0.160256684	-2.159894419	-3.745997178	-0.506813016	-0.450931133	-1.172839695	-1.458846177
LATS1_Q8BYR2_S612	CDK1	0.172574013	-0.188343316	-2.26382164	-1.85198448	0.132577286	0.536651147	-1.414598307	-2.340722954
FADD_Q61160_S191	"MAP2K7,CSNK1A1,PLK1,MAP3K1"	0.309238253	-0.302351872	0.076195988	1.382292216	-1.044224005	-0.989628715	0.896227252	0.420480112
NBN_Q9R207_S398	ATM	0.374254568	-0.386452318	-1.923694293	-1.323126158	0.118495373	0.259259906	-1.361150432	-0.880865941
NBN_Q9R207_S343	"ATR,ATM"	0.824114366	-0.95891204	1.519355603	2.348151864	0.104328649	0.949971026	3.1210265	3.574009715
DEK_Q7TNV0_S311	CSNK2A1	0.067064511	-0.065792557	2.366077313	2.004405005	-0.117223163	-0.159462322	2.397563193	2.363494036
PDCD4_Q61823_S76	RAPAMYCIN	0.076442184	-0.078148954	6.517204328	5.818856165	1.221437127	0.997975902	3.642390289	3.855654335
PDCD4_Q61823_S67	"RPS6KB1,AKT1"	0.308555805	-0.334000575	3.878175748	3.219031769	0.552736192	-0.234708028	1.90732262	2.636152493
MCM2_P97310_S139	"CDC7,CSNK2A1,CDK7,CDK2"	-0.131270423	0.130496201	-1.614579634	-1.453784819	-0.283360739	-0.295752542	-0.723225103	-0.66923583
STK17B_Q8BG48_S12	STK17B	0.008899618	-0.008881949	-0.597339514	-0.326812526	0.108689943	1.100841832	0.012362475	0.679944104
STAT1_P42225_S727	"MAPK1,MAPK3,MAPK8,MAPK11,MAPK14,CSNK2A1,PRKCD,CAMK2G"	0.223909073	-0.224038967	1.72186106	0.486663896	-0.069517662	-0.190980044	0.284707899	-0.124704708
RBM14_Q8C2Q3_S618	CHEK1	0.399539963	-0.445179946	-3.332649398	-3.358697808	0.003514908	0.097091693	-2.341165492	-3.936783168
TBXA2R_P30987_S328	PRKCA	0.657066142	-0.684192491	1.895120026	1.531054159	0.023163093	0.691444462	1.623922352	1.41983352
BCL2L11_O54918_S83	AKT1	0.116894545	-0.116876653	-0.60609398	-0.409044472	1.066388212	-0.394393607	-0.571009525	-0.618173374
ADD1_Q9QYC0_T614	CDK2	-0.096839746	0.096482581	3.652853038	3.197525657	0.064264274	8.63E-04	2.966888787	3.224282876
ANKRD17_Q99NH0_S2401	CDK2	-0.452374969	0.416449423	1.832424723	1.814320679	0.61627328	0.06908427	0.308076397	0.031654055
GSK3B_Q9WV60_Y216	"MAP2K1,GSK3B"	-0.167038202	0.181283395	-0.130029503	-0.296460178	0.010532447	-0.234167241	-0.311634354	-0.2649659
PDE3B_Q61409_S296	PRKACA	0.519289516	-0.55359853	0.220678882	0.314451278	-0.244450685	0.676691114	2.297002944	0.25085175
EIF4G1_Q6NZJ6_T212	MTOR	-0.041536999	0.041823812	-1.60489244	-2.00547849	-0.351874755	-0.076054868	-1.066703685	-1.126228689
ILF3_Q9Z1X4_S382	CDK2	0.015935715	-0.015854421	0.031572112	0.091797382	-0.322188126	-0.611737942	-0.305211091	-0.286899389
FYN_P39688_S21	PRKACA	0.087994553	-0.085907974	-0.02074498	0.303783646	-0.094007991	-0.129907555	-0.719316761	-0.681979325
MAP4K1_P70218_Y379	SYK	0.180124352	-0.181767213	2.317150831	1.446711343	-0.328199194	0.280412506	1.281479307	1.57733958
NEDD4L_Q8CFI0_S477	"PRKACA,SGK1"	-0.169496717	0.171851853	-1.000946501	-0.904580583	-0.03472001	-0.205628427	-0.387159443	-0.638336009
MATR3_Q8K310_T150	CHEK1	0.11582353	-0.131311628	-1.687537052	-1.92670319	0.522813748	-0.239990352	-2.137113431	-1.141211846
TBC1D1_Q60949_S231	PRKAA1	0.146604011	-0.147689575	-1.296597823	-0.545060276	-0.288151498	0.166291045	-0.718430767	-0.818607219
RANBP3_Q9CT10_S58	"MAPK3,RPS6KA3,RPS6KA1,AKT1"	-0.040670831	0.041390918	-1.114643161	-0.954936569	0.804801792	0.44182581	-0.830053055	-0.715717844
MAF1_Q9D0U6_S60	"MTOR,RAPAMYCIN"	-0.130269337	0.133460762	2.974430822	2.68376692	0.016044967	-0.208388327	0.376956945	-0.42226668
ITPR3_P70227_S1832	PRKACA	-0.160412579	0.169601411	-0.296774629	0.057520356	1.089818211	0.900502661	-0.283320252	-0.184111807
SNW1_Q9CSN1_S224	CDK2	-0.103103054	0.105609824	-0.943066601	-0.950255905	0.497644261	0.399863234	-0.421750248	-0.452345203
SNW1_Q9CSN1_S232	CDK2	-0.005523845	0.005849272	-0.869843816	-0.93922681	0.267912431	0.193512975	-0.366966689	-0.293590223
SNW1_Q9CSN1_S234	CDK2	0.063857467	-0.067971327	-0.700455314	-0.742358508	-0.024459088	0.063573871	-0.376798078	-0.116315275
KAT7_Q5SVQ0_T87	CDK1	-0.307928538	0.303123342	5.623825924	6.052053262	0.875057766	0.830217257	2.179433686	1.835617787
PTPN7_Q8BUM3_S93	"MAPK1,MAPK14"	0.771148574	-0.679934879	3.566262651	3.391203225	0.287161342	1.022758945	3.999651253	3.176019078
TAF3_Q5HZG4_S229	MTOR	0.224509834	-0.221572655	-1.932242219	-1.857509748	-0.244389335	0.180921589	-0.826988868	-1.131114977
EIF4EBP1_Q60876_S100	DYRK2	0.548807842	-0.647718105	0.230439171	-1.201168636	-2.746202232	-0.498841584	-0.557202213	0.362068793
GPS1_Q99LD4_S454	ATR	-0.104436415	0.104240271	-1.120593304	-0.757765271	0.295815156	0.400836985	-0.01003105	-0.018946065
NCBP1_Q3UYV9_S22	RPS6KB1	-0.138933603	0.13768314	-2.159272729	-1.504309407	-0.148396173	-0.58758779	-1.98001069	-1.904758273
NFKB2_Q9WTK5_S707	GSK3B	0.209125003	-0.19932835	-4.523472498	-4.680066009	-0.083126237	-0.017379629	-4.187736032	-4.537739461
MYH9_Q8VDD5_T1939	"CAMK4,CAMK2A"	0.01684691	-0.016867793	-0.88468994	-0.702265503	-0.210298237	-0.012460457	-0.465945031	-0.08493044
CTPS2_P70303_S568	CSNK1A1	0.035593301	-0.034448798	-0.03567252	0.036693952	-0.222582095	-0.180859126	-0.030001532	-0.269291445
MED1_Q925J9_S1209	CDK2	-0.434018171	0.436296835	-0.890220118	-1.871192859	0.924802612	0.810088401	-1.824515094	-0.527308429
SF3B1_Q99NB9_T211	CDK2	-0.141134558	0.142354218	-1.248685022	-1.058046411	0.276706989	-0.123656408	-0.48936624	-0.662476818
CHD4_Q6PDQ2_T522	CDK2	-0.011891053	0.012006312	-0.778983571	-0.626319874	0.069842747	0.298759319	0.018454028	-0.72983891
SF3B1_Q99NB9_T244	CDK2	0.258365945	-0.287035481	-0.767599672	-1.30295252	0.175948678	0.056143807	-0.802410238	-0.39265313
HIST1H1C_P15864_S55	CHEK2	0.227312005	-0.233765251	-1.302748137	-1.037012433	-0.486689457	-0.266173713	-0.772678648	-0.431733402
PTPN12_P35831_S434	"PRKACA,PRKCA"	0.079207527	-0.084350357	0.188637369	-0.185608906	0.066771608	0.066613876	0.398958813	1.032827768
HIST1H1C_P15864_S36	CHEK2	0.386075323	-0.413079445	1.422744037	1.717844848	-1.226556322	-1.294070388	4.494962392	4.488359526
JUND_P15066_S100	"MAPK1,MAPK3,MAPK8"	0.414123606	-0.421211259	-4.671896758	-4.05442527	-0.692837482	0.176403741	-4.857121285	-4.686533744
PDCL_Q9DBX2_S296	CSNK2A1	0.128968763	-0.139961984	-2.407853646	-2.055786276	0.145671961	0.056711327	-1.125925128	-1.051865713
MDC1_Q5PSV9_S442	CSNK2A1	-0.11154326	0.110489946	-1.182333603	-1.371322343	-0.568582099	-0.207281954	-0.736828387	-0.862665953
ZFP36L1_P23950_S54	MAPKAPK2	0.032924133	-0.033254153	1.186281205	1.347695338	-0.459960387	0.536611221	1.696331355	2.135729815
PDCD4_Q61823_S457	"AKT1,RAPAMYCIN"	0.143804045	-0.149423032	5.811160084	5.45316687	2.290392678	1.876233164	6.305006537	6.015631851
ANKRD17_Q99NH0_S2041	"MTOR,CDK2"	-0.096223185	0.095893832	-2.840379233	-2.464954469	0.075186529	0.762294024	-1.589402598	-1.332712723
ANKRD17_Q99NH0_S2040	CDK2	-0.096223185	0.095893832	-2.840379233	-2.464954469	0.075186529	0.762294024	-1.589402598	-1.332712723
PGRMC1_O55022_S181	MAPK14	0.207941629	-0.194988007	-0.299032728	-0.273520222	-0.649924745	-0.433491853	-0.432690985	-0.806027244
PHB2_O35129_S91	CAMK4	0.222913745	-0.252404815	0.2043697	2.018645259	-0.488810097	-0.462659107	1.22723782	1.982899804
FOXK1_P42128_S431	MTOR	0.040323933	-0.040208624	0.144562366	0.565629722	-0.183665716	-0.145692919	0.603621141	0.182415134
FOXK1_P42128_S427	MTOR	0.039147404	-0.039024546	0.730521779	0.793208934	-0.060348281	-0.2362812	0.997182708	0.449510506
MEF2D_Q63943_S437	CDK5	0.321752871	-0.325052171	-1.099064502	-1.542349672	0.025560172	0.077470405	-0.930027747	-2.093670553
EML3_Q8VC03_S177	CHEK1	0.002160372	-0.002194318	-0.829762311	-0.355165841	0.354590904	0.042487754	0.068038934	0.481721607
KAT7_Q5SVQ0_S59	PLK1	-0.576764201	0.535368881	2.854797602	3.02789423	0.329260934	-0.267618388	2.635561393	2.597392523
AGO2_Q8CJG0_S388	"MAPKAPK2,AKT3"	-0.012254667	0.012373012	2.2080272	2.380286006	-0.490861958	0.252887953	2.040011095	1.686214191
ACLY_Q91V92_S455	AKT1	0.128105236	-0.134055986	-2.829917844	-1.998736777	0.580764376	0.483028352	-1.325154522	-1.015453116
ABI1_Q8CBW3_S216	"MAPK1,MAPK3"	-0.107903882	0.122245482	1.61715664	0.505667109	0.892562608	0.699387273	1.318318612	1.663892077
ABI1_Q8CBW3_S225	"MAPK1,MAPK3"	-0.459822211	0.477685431	-2.028310365	-1.324158843	0.686091876	5.02E-04	-0.283334048	-0.373927241
PRKAB1_Q9R078_S108	PRKAA1	-0.135637763	0.131660283	-2.220447883	-1.798262758	-0.312982063	-0.212368882	-3.05461192	-2.339611787
HNRNPC_Q9Z204_S306	CSNK1A1	0.262882891	-0.272706725	-0.651048723	-0.89046874	-0.666452418	0.078711322	-0.137041326	-0.800078752
ELL_O08856_S300	MTOR	-0.253446456	0.240935228	-0.946170397	-1.078664276	1.197376766	0.216054024	-0.222605964	-0.100348102
NCOA2_Q61026_S736	"MAPK1,MAPK3,MAPK14"	-0.212885907	0.19280529	-0.068744088	-0.308548359	0.751083547	1.172328604	-0.007784947	0.77263307
CORO1A_O89053_T418	CDK5	0.040677381	-0.040196097	0.605621538	0.696250953	-0.608984993	-0.756999256	-0.171186454	-0.25024936
FAM129A_Q3UW53_S601	AKT1	-0.103459033	0.107848257	-2.043592778	-1.62766499	0.844921204	0.285132551	-1.756226256	-1.90921695
MYBBP1A_Q7TPV4_S1280	MAPK1	0.249500944	-0.274642911	0.565354757	0.913332347	-0.299641066	-2.059880433	-0.081413472	0.440553303
UPF1_Q9EPU0_S1102	SMG1	0.00652357	-0.006703348	4.258830984	3.811147301	1.607967916	1.753478767	2.647647188	3.430846918
UPF1_Q9EPU0_S1122	SMG1	0.308096071	-0.342238995	-1.666969028	-1.210592668	0.289769934	-0.051873698	-0.62931076	-0.314981199
KSR1_Q61097_S392	"MAP3K7,NME1"	0.134969268	-0.14399914	-2.398859906	-2.046268233	-0.17643383	-0.41884326	-2.267592765	-1.916337555
ZFP36_P22893_S52	MAPKAPK2	0.378601035	-0.368172792	-0.0690993	0.014280702	-0.133210126	0.378946887	0.5960729	2.655544301
CTDP1_Q7TSG2_S730	CSNK2A1	0.01401527	-0.013974273	0.966004235	0.662068655	0.896817179	0.325881156	0.687847486	0.258757231
MDC1_Q5PSV9_T444	CSNK2A1	-0.270040516	0.258059151	-1.173261946	-1.411174663	-0.50896431	0.072484239	-0.535409296	-1.094554561
H2AFX_P27661_S140	"MAPK9,MAPK8,ATM,STK4,PRKDC"	0.320008598	-0.347971727	1.344802845	1.44292529	-0.183862944	-0.673275005	0.828379016	1.668745723
EFHD2_Q9D8Y0_S74	"CDK1,CDK2"	4.51E-04	-4.63E-05	1.249506092	0.730286198	-0.009830682	0.140422307	0.750012125	1.03287795
SUPT5H_O55201_S664	"MAPK1,CDK1,CDK2"	-0.073522936	0.074077579	0.605218892	0.581613434	0.512836099	0.355166861	0.700745918	0.973709891
EEF1D_P57776_S133	CDK1	0.07457213	-0.078846616	-2.89429191	-2.494909638	-0.500768627	-0.404925675	-2.039528423	-2.058794107
CANX_P35564_S582	"MAPK3,CDK1"	0.003334399	-0.003428072	-1.027218288	-1.146553007	-0.12646619	-0.437712656	-0.81809542	-0.39152953
MEF2D_Q63943_S180	MAPK7	0.082189798	-0.078350607	-0.772741544	-1.045280089	-1.163076167	0.113626977	0.014814022	-1.896106499
EEF1D_P57776_S162	CSNK2A1	-0.083153307	0.084752076	-0.616735487	-0.811205881	-0.237517331	-0.466835896	-0.668776611	-0.344641672
MYBBP1A_Q7TPV4_S1325	CHEK1	0.060078376	-0.063073137	-1.319858325	-0.987041923	0.953217106	0.233373564	0.964002871	0.034379432
DLGAP5_Q8K4R9_S328	MAPK1	-0.460064613	0.472051111	-2.78958304	-2.153878636	2.158771985	0.652527807	0.086316727	-0.19850696
M6PR_P24668_S268	CSNK2A1	0.01569063	-0.01493445	-0.836753126	-1.413662041	-0.652618733	0.106385271	-1.052952773	-1.981739818
CAMSAP2_Q8C1B1_S439	CHEK1	0.133529706	-0.1399261	0.02530352	0.461143293	0.616665316	0.095637311	-0.073071916	0.314249149
JUNB_P09450_T252	GSK3B	-0.845959559	0.917755089	-5.311379791	-5.488994408	0.081386348	0.453553501	-6.448693251	-5.365572233
INPP5D_Q9ES52_S260	PRKACA	0.288127406	-0.296950762	1.119036604	1.632608873	-0.718620393	0.198399219	1.936018026	1.542623964
PPP2R5A_Q6PD03_S41	PRKCA	0.22017054	-0.219670287	-0.403435424	0.012403673	0.471601729	-0.012912385	0.095574203	-0.348630533
PSIP1_Q99JF8_S205	CDC7	0.20160164	-0.194355863	1.270403708	1.138007846	-0.225486322	-0.169230179	0.664310582	-0.290961077
HNRNPU_Q8VEK3_S58	PRKDC	-0.108490908	0.1101248	-0.29337811	-0.016560823	0.613656962	0.612148439	0.249648171	0.477176396
CFL1_P18760_S23	PRKCA	0.523461755	-0.517008567	-0.957783916	-1.053079139	-0.041379466	0.535863183	0.10670422	-0.747031948
LCP1_Q61233_S5	"PRKACA,PRKCD"	0.245231474	-0.254678746	3.510237585	3.54409306	2.299765073	2.101797153	3.422118675	3.639170171
DNMT1_P13864_S140	AKT1	0.078074959	-0.082703442	-2.319436855	-1.886258857	0.219747688	0.351928557	-0.870953095	-0.751617029
DDA1_Q9D9Z5_S33	AURKB	0.199683158	-0.196635293	-2.95156204	-2.984099386	-0.65803912	-0.288521693	-1.904825381	-3.57058131
EIF4B_Q8BGD9_S422	"RPS6KA1,RPS6KB1,AKT1"	0.566325452	-0.61947146	3.315947656	3.076660666	1.055743813	0.948992668	2.040268695	2.172645975
POLL_Q9QXE2_S175	CDK2	-0.107974508	0.108982098	-0.516669959	-0.113208885	0.864033547	-0.165905238	0.008320335	-0.148323781
TARDBP_Q921F2_S183	CSNK1A1	0.327965496	-0.38645893	-1.284105542	-0.369896478	0.235365819	0.403342918	0.239522664	0.488718847
TLN1_P26039_S425	CDK5	0.272053703	-0.293699915	4.618388922	2.67792732	-0.343273889	-0.935195836	2.525517264	3.266999152
KAT5_Q8CHK4_S86	"GSK3B,CDK1"	0.300401651	-0.306234199	-0.687580225	-0.983233989	-0.795299939	-0.416239606	-1.431009766	-0.886035155
GSK3A_Q2NL51_Y279	GSK3A	-0.233314235	0.257562931	-1.382809232	-1.138778264	0.204420451	-0.658057697	-1.509078096	-1.023116019
KAT5_Q8CHK4_S90	"GSK3B,CDK1"	0.300401651	-0.306234199	-0.687580225	-0.983233989	-0.795299939	-0.416239606	-1.431009766	-0.886035155
PRKAR2B_P31324_S112	PRKACA	0.149261832	-0.155321964	0.054152231	0.257182495	-0.808854348	-0.05262412	-0.380144041	-0.198943024
SIK1_Q60670_S577	"PRKACA,PRKCA"	-0.389681271	0.346789282	-0.678829856	-0.134068678	1.911987011	1.632142973	-0.012478396	-0.378003243
HMGA1_P17095_S44	"PRKCA,PRKCG,PRKCD,PRKCB"	0.16992475	-0.16812879	1.384346123	1.078803178	-0.577863891	-0.03930723	1.250569747	1.463192953
PDHA1_P35486_S293	"PDPK1,PDK1,PDK2,PDK3,PDK4"	-0.103037295	0.101989433	-0.211533859	-0.200860309	0.315886076	0.102276645	0.250415169	0.108661269
CD247_P24161_Y142	LCK	-0.353086994	0.343795545	2.9565418	2.900828621	0.09303505	0.254591765	1.90261589	2.824551128
NFATC2_Q60591_S219	MAPK8	-0.327130756	0.315153276	0.700998744	0.947225283	0.893718283	0.066465751	0.60666141	0.2180004
NFATC2_Q60591_S223	MAPK8	-0.327130756	0.315153276	0.700998744	0.947225283	0.893718283	0.066465751	0.60666141	0.2180004
HMGA1_P17095_S36	"CDK1,CDK2,HIPK2"	0.512706048	-0.552508589	1.600688529	1.458945267	-0.917280876	-0.432122434	0.613556512	0.116350157
GTF2F1_Q3THK3_T389	GTF2F1	0.121754301	-0.124869513	-0.098554549	0.035877272	-0.271733326	-0.195841659	-0.397416929	-0.533262289
HSP90AA1_P07901_S263	CSNK2A1	0.02784782	-0.026763775	-0.714851008	-0.652418494	-0.187721446	-0.005981	-0.507386882	-0.242887825
U2AF2_P26369_S79	CDK1	0.140455248	-0.139449476	-0.347215086	-0.340172299	-0.240227513	-0.146035566	-0.50792303	-0.253249459
TSC1_Q9EP53_S581	CDK1	-0.313384957	0.311600219	0.617814934	0.405662008	-0.230795959	0.227833336	0.199337201	0.224099232
XRCC4_Q924T3_T231	CSNK2A1	0.002777836	-0.002802227	-0.252293154	-0.277702243	0.345970515	0.312553279	0.572130661	0.221848347
SEPT2_P42208_S218	CSNK2A1	-0.205007465	0.204723035	-1.277997389	-1.095384188	-0.036315805	-0.073732178	-0.649556733	-0.890850522
ARHGEF2_Q60875_S885	"PRKACA,PAK1"	-0.197493943	0.185649873	0.380179881	-0.065497332	-0.792514903	-0.714604792	0.588800021	-0.805254875
PDHA1_P35486_S232	"PDPK1,PDK1,PDK2"	-0.04278022	0.042944301	-3.927361144	-4.311091812	-0.509700045	-0.014435977	-1.483760398	-1.716281444
PHF6_Q9D4J7_S154	CDK2	-0.49762612	0.486316052	-1.425473684	-0.63028245	-0.380250992	-0.691721746	-0.238811473	-0.209683167
LARP1_Q6ZQ58_S743	MTOR	-0.049089998	0.050538284	0.545576366	0.586351881	-0.591040621	-1.088099303	-2.342784466	-2.306421184
WNK1_P83741_S2027	"MTOR,RAPAMYCIN"	-0.108043988	0.104499958	-0.274554839	-0.038813084	0.553178124	-0.23477114	0.512043168	-0.392508807
PPP1R2_Q9DCL8_S123	CSNK2A1	-0.211776778	0.223994526	-0.573716626	-0.312200828	0.090523242	-0.424114495	-0.308406339	-0.501704673
PPP1R2_Q9DCL8_S122	CSNK2A1	-0.207439848	0.219637214	-0.499857349	-0.304567904	0.151600537	-0.391885862	-0.304126857	-0.46215535
HNRNPA1_P49312_S312	MKNK1	-0.122785191	0.111816469	4.402572765	5.758512966	1.75937301	1.377387124	4.182802995	5.07698879
EIF2B5_Q8CHW4_S540	"MAPK1,DYRK2,DYRK1A"	0.115409859	-0.115186168	-0.828073527	-0.779036939	0.2586541	-0.019788951	-0.697543207	-0.913061334
PIKFYVE_Q9Z1T6_S307	"PRKAA1,AKT1"	0.219062288	-0.235835974	0.381611739	0.297370247	0.033362025	-0.244394862	0.251388144	0.081021199
NR3C1_P06537_T159	"MAPK1,GSK3A"	0.965152794	-0.857267513	1.418426748	1.364108904	0.696682533	2.116694907	1.305216235	0.38184339
ATXN2L_Q7TQH0_S32	MTOR	-0.361079226	0.362470638	-1.188864468	-1.140258513	0.506898619	-0.67493962	-0.801844581	-1.340380099
HMGN1_P18608_S84	CSNK2A1	0.074195482	-0.073948853	-0.68241971	-1.002607516	0.15225379	0.174192934	-0.12884367	-0.1934934
HMGN1_P18608_S7	"RPS6KA5,RPS6KA3,RPS6KA1,CSNK2A1"	0.268315867	-0.2803017	-5.121529979	-4.716071356	-1.03874284	-0.566344307	-2.743537484	-2.451157637
STAT5A_P42230_S779	"MAPK1,MAPK3,PAK1"	0.599136171	-0.708832902	1.512376857	0.467569814	0.549135235	-0.534601416	1.78588338	1.696192994
SAFB2_Q80YR5_S387	MAPK1	-0.090387475	0.086821186	0.32950814	0.461928356	-0.341374224	-0.338765281	-0.198345389	-0.111016227
RPS6KA3_P18654_S369	PDPK1	-0.305923728	0.280633022	0.371927797	0.620013139	0.504742639	0.503038623	0.352762718	0.100006414
RAF1_Q99N57_S621	"PRKAA1,PRKACA,RAF1"	-0.123852569	0.1209863	-1.040621378	-0.916559411	0.282115546	-0.194827254	-0.097859268	-0.52985698
DDX24_Q9ESV0_S80	CHEK1	-0.092583644	0.101104141	-1.559144068	-1.446320482	0.10386752	-0.068029724	-0.930256825	-0.575757523
NCOA3_O09000_S850	"MAPK8,MAPK14"	-0.324553793	0.333569763	-0.170269776	-0.344035859	0.375611907	0.107083202	-0.197119224	-0.3608525
NCOA3_O09000_S847	"MAPK6,PRKACA,CHUK"	-0.083266955	0.090794641	-0.331507234	-0.30834462	0.200024093	-0.207373776	-0.528841048	0.283811948
PRRC2A_Q7TSC1_S1217	MAPK1	-0.079408629	0.079363704	2.650177905	2.248977721	0.805162968	0.671423071	2.570303334	2.372406705
IKZF1_Q03267_S63	CSNK2A1	-0.020153497	0.021169773	-0.516991026	-0.570651507	0.177714936	-0.583303997	-0.601966984	-0.243302197
CLK3_O35492_S157	CHEK1	-0.017454211	0.015639889	-0.263224597	0.447322642	1.743759752	0.585887255	0.907114193	-0.292315429
TRIM28_Q62318_S473	"CHEK1,CHEK2,PRKCD"	0.350744277	-0.368405212	-4.361882668	-3.657250511	-0.268553471	0.297096264	-3.935000675	-3.612711293
GTF2F1_Q3THK3_S385	GTF2F1	-0.027135232	0.026866514	-0.387560159	-0.249710008	-0.18325764	-0.429728117	-0.859841856	-0.782933351
ABI1_Q8CBW3_S183	"MAPK1,MAPK3"	-0.197949709	0.218915124	-0.1639013	-0.0907562	0.820643539	-0.311373159	-0.106920327	0.6401053
ITGA4_Q00651_S1028	PRKACA	-0.128508248	0.132343832	-0.249949699	-0.391329889	-0.401454238	-0.541194646	-0.376100455	0.086336507
HNRNPH1_O35737_S104	"MAPK1,CDK2"	0.040481839	-0.040227099	-0.054248713	0.031935134	-0.214138857	-0.119311599	0.077030946	0.279218461
PPP1R9B_Q6R891_S100	"PRKACA,CAMK2B,CAMK2A"	-0.035170926	0.036018808	1.566556338	1.845190278	0.51823313	1.171065408	1.119404945	1.946407536
RCC1_Q8VE37_S11	CDK1	-5.09E-04	5.29E-04	-2.560928224	-2.249128807	0.461246033	0.427405476	-0.668783815	-0.435438688
ITPR3_P70227_S934	PRKACA	-0.15212784	0.161169534	0.932218853	0.959204198	0.180200519	0.982444157	0.778452354	1.038073592
STAT3_P42227_S727	"MAPK9,MAPK8,NLK,RPS6KA5,RPS6KA3,MAPK14,MTOR,IRAK1,PRKCE,CDK5,PRKCD,MAP3K1"	0.087810017	-0.08702525	2.848303882	2.312029358	-0.053783228	0.199587901	2.534887395	1.974016384
IKZF1_Q03267_T393	CSNK2A1	0.076143328	-0.081530366	2.306630956	1.795884957	0.944914986	-0.521777965	2.919431969	2.325109223
MED1_Q925J9_T1459	"MAPK1,MAPK3"	-0.407601274	0.412190515	1.37411555	2.484538989	-0.806902219	-0.571474926	1.145883182	1.565456992
HSPH1_Q61699_S509	CSNK2A1	-0.144966916	0.125355257	-3.091463494	-2.921551533	-1.165672129	-0.480590209	-3.349139723	-2.374567946
JAK2_Q62120_S523	"MAPK1,MAPK3,JAK2"	0.305567241	-0.336373494	0.965597659	1.400646223	1.140735326	-0.393935252	0.433370344	1.627071868
STMN1_P54227_S16	"CAMK4,PRKACA,PAK1,CAMK2B,CAMK2A"	0.749946006	-0.86079781	-0.178255221	-0.036728155	0.606552047	0.806400925	-0.425201044	0.499002685
STMN1_P54227_S25	"MAPK1,MAPK3,MAPK9,MAPK8,MAPK10,MAPK13,MAPK14,CDK1,CDK5,CDK2,PRKCB"	0.482638838	-0.515759544	2.040202961	1.86814749	-0.401538862	-0.728676174	2.958700813	2.4508454
STMN1_P54227_S38	"MAPK1,MAPK3,MAPK9,MAPK8,UHMK1,MAPK10,MAPK13,PAK1,CDK1,CDK5,CDK2,PRKCB"	0.059977105	-0.057753706	1.0981965	0.912698497	-0.889900503	-0.34121649	0.245157093	-0.036702381
NFKB2_Q9WTK5_S871	CHUK	0.10000385	-0.092819097	-1.10109112	-0.294082038	0.476805413	0.563123175	-0.438041693	0.788588198
PXN_Q8VI36_S83	"MAPK3,MAPK14"	-0.153728066	0.14374942	2.644758548	1.978159037	-0.45726797	-0.101425904	1.790645166	1.251166277
NFKB2_Q9WTK5_S869	MAP3K14	-0.062109498	0.05594606	1.806623054	2.494477294	0.676405003	0.337743735	2.50262795	4.392629535
DNAJC2_P54103_S47	RAPAMYCIN	0.389282107	-0.439422714	1.156258552	0.166199642	-1.013366067	0.37717599	3.999822485	4.226294593
DNAJC2_P54103_S49	RAPAMYCIN	0.121348967	-0.127987085	2.919016648	2.791698458	-0.220296443	0.129681178	2.351615223	2.642428719
STMN1_P54227_S63	PRKACA	0.402433438	-0.421342985	-3.187115596	-2.317099694	0.907928559	1.439589918	-2.406996943	-2.344906155
VASP_P70460_S317	PRKAA2	0.378427679	-0.435242872	0.421237837	1.248713215	1.00476672	0.536907412	0.658322381	1.320841855
NCBP1_Q3UYV9_T21	RPS6KB1	0.039682052	-0.040987741	-1.893412038	-1.719844019	-0.33493177	-0.558482515	-2.251951126	-1.933443333
NIFK_Q91VE6_S253	"GSK3A,GSK3B"	0.260827332	-0.283992204	-2.242512798	-2.293789049	-0.055743068	-0.044157539	-0.019145355	-1.357903268
PTGES3_Q9R0Q7_S113	CSNK2A1	-0.122388454	0.127744367	-3.729219782	-3.669608051	-0.367814948	-0.412696088	-2.31207547	-2.65263246
PTGES3_Q9R0Q7_S118	CSNK2A1	-0.098851043	0.103779026	-3.523747822	-3.549468916	-0.428459312	-0.450954556	-2.305749506	-2.486474862
ARID1A_A2BH40_S365	CDK2	-0.144834976	0.139554345	0.545690165	0.326971428	0.906956654	0.722940176	0.26753396	0.088594091
ITPR1_P11881_S1755	"PRKG1,PRKACA"	-0.158414089	0.163679386	0.017874213	-0.391781165	-0.582808145	-0.177331568	-0.789307339	-0.179783683
MYC_P01108_S71	"MAPK9,MAPK8,MAPK10"	0.151961166	-0.147867431	-4.108235322	-3.82670842	-0.377119818	0.45599061	-4.099896085	-3.461507232
PRKCD_P28867_S643	PRKCD	-0.512443387	0.458097683	0.272687858	0.121197999	-0.322933576	0.439443163	0.017625638	0.069422488
ZFP36_P22893_S176	MAPKAPK2	0.506488863	-0.508372792	-0.384112306	0.923580056	0.09626208	-0.982304675	1.725755442	2.402411719
INPP5D_Q9ES52_S935	PRKACA	0.112662403	-0.111278086	-0.245296191	-0.657667093	-0.599637269	-0.71695368	-0.546398115	-0.639021155
DNM1L_Q8K1M6_S622	"CDK1,PRKCD,CDK2"	0.231483502	-0.251473147	2.655289343	2.717132133	-0.928251514	-0.379615092	2.284637439	2.649643505
ATN1_O35126_S724	"MAPK8,MAPK10"	-0.175974621	0.180817336	0.031318603	-0.133957611	-0.760761102	-1.07220658	-0.694775279	-0.723541024
RPS3_P62908_T220	CDK2	0.223561052	-0.237652501	4.085366452	4.247356532	-0.61593747	-0.648771224	5.201178358	5.070504664
IKZF1_Q03267_S388	CSNK2A1	0.237074274	-0.264434168	0.30791845	0.379834979	-0.233017819	-0.918841889	1.149248143	1.177237172
MAPK14_P47811_T180	"MAP3K6,MAP3K5,MAP2K6,MAP2K3,MAP2K4,MAPK14"	0.447775248	-0.449653092	-0.32076129	0.808951983	-0.740679444	0.326419038	2.583757396	1.386349506
GRK6_O70293_S484	GRK6	-0.205925812	0.19430431	-0.39194496	-0.116099242	-0.268242214	-0.219503099	0.044203748	-0.299837589
NACA_P70670_T2131	GSK3B	-0.30211586	0.298900139	-1.709271154	-1.419595476	-0.278057911	-0.293554716	-0.732927011	-0.377074433
SUPV3L1_Q80YD1_S725	MAPK1	-0.015875839	0.014842564	4.042903151	4.081036893	1.297323112	0.940317135	2.172905112	1.699129915
VASP_P70460_S235	"PRKG1,PRKACA"	0.077326766	-0.082338556	-0.085771802	0.349349521	0.093589689	-0.322279033	-0.209974349	-0.910504116
TOR1AIP1_Q921T2_S140	CDK2	-0.020259534	0.020297848	0.064886373	-0.099288143	-0.148768337	-0.275878704	0.401193126	0.20707082
SMC3_Q9CW03_S1067	"CSNK2A2,CSNK2A1"	0.054922844	-0.056660731	0.296683358	0.269814642	0.126846007	0.14152134	0.432815433	0.470758362
PML_Q60953_S17	HIPK2	-0.166595038	0.17235352	-0.959918229	-0.70297984	-0.151852442	-0.541690211	-1.177529434	-0.679531512
OXSR1_Q6P9R2_S339	MTOR	-0.100218594	0.095227561	0.676786971	0.500346542	-0.613481787	-0.304881306	0.099780438	-0.202564186
MYH9_Q8VDD5_S1943	CSNK2A1	-0.092660186	0.090448436	-0.534973606	-0.441067119	-0.289077115	-0.282006116	-0.525175886	-0.251103882
RB1_P13405_S243	"CDK1,CDK6,CDK4,CDK2"	-0.006483781	0.007194645	2.962512457	2.964453733	0.21912483	0.817110211	2.118976213	2.465569512
JUN_P05627_S73	"MAPK3,MAPK9,MAPK8,VRK1,MAPK15,CSNK2A1,PLK3,CDK1,CDK3"	-0.174610611	0.206079964	-6.098023626	-5.452185598	0.57336415	0.224081876	-6.713262574	-6.07496115
MARCKS_P26645_S113	CDK2	0.189494771	-0.178612342	-0.1271473	1.036175665	-0.007598213	-0.989608438	0.103299511	-0.759886782
EEF2_P58252_T57	EEF2K	-0.022017528	0.021862107	-0.672084924	0.414838339	1.02223675	0.902849052	0.726848672	1.086171993
BCL6_P41183_S344	"MAPK1,MAPK3"	0.307512198	-0.280099199	-0.500288741	-0.660457633	-1.051555693	-0.245750621	-1.236406891	-0.08664575
NDRG2_Q9QYG0_S332	"RPS6KA1,RPS6KB1,AKT1,SGK1,PRKCQ"	-0.256797141	0.249673083	1.029708841	1.387744565	0.034375602	-0.158424108	0.898969502	0.533378547
WIPI2_Q80W47_S395	MTOR	-0.163932158	0.163867408	0.279096113	0.812796185	0.159436049	0.050671171	0.408668391	-0.084328532
ITPR1_P11881_S1588	"PRKG1,PRKACA"	-0.009726614	0.010536177	-0.363627239	-0.576113855	-0.29214815	-0.638767942	-0.931231933	-0.381326782
HSP90AB1_P11499_S255	"AURKB,CSNK2A1"	-0.031458634	0.030583369	-0.037187463	0.179833216	-0.187662875	-0.283077272	-0.043271599	0.33849679
VIM_P20152_T458	MOS	-0.017491439	0.017147517	2.520448208	2.429557688	1.075149155	0.738899681	2.216566495	2.141991122
HSP90AB1_P11499_S226	CSNK2A1	0.156755635	-0.15922369	-1.138124135	-1.152946013	-0.643703412	-0.490258209	-0.606899554	-0.278589225
LNPEP_Q8C129_S91	PRKCZ	0.257748193	-0.278255029	0.33298473	0.759175144	1.686284141	0.935172827	1.018947118	-6.52E-04
HNRNPM_Q9D0E1_S431	CHEK1	0.459446783	-0.511434	-1.914563501	-0.349334271	0.786903658	0.020464888	0.232690313	-0.244756818
ETV6_P97360_S215	MAPK3	0.049079456	-0.047094414	-0.574068711	-0.915940422	-0.335862521	-0.003439952	-0.093353617	-0.760236824
MTA2_Q9R190_S435	CDK2	0.094963983	-0.101431587	-0.896527826	-1.14281053	0.41524854	-0.455602032	-0.18745325	-0.565109739
PATL1_Q3TC46_S179	MTOR	-1.562015795	1.198902551	-3.497165738	-3.011484747	-1.261117676	-1.522336541	-0.326859931	-0.594718317
INPP5D_Q9ES52_T964	PRKACA	0.135674517	-0.134747461	0.818325683	0.968985017	-0.665458426	-0.424545482	0.407650394	0.214986448
CLIP1_Q922J3_S311	"PLK1,PKN3,PKN1"	-0.120157223	0.115260912	-2.106469556	-1.882561376	-0.379520285	0.294370507	-1.246488486	-1.252839618
NDRG1_Q62433_T328	SGK1	-0.159230153	0.156491577	2.708607358	2.989116662	-0.210097504	-0.605722833	4.430378601	3.759871557
HNRNPH2_P70333_S104	"MAPK1,CDK2"	0.062640795	-0.061919796	0.540314923	0.473337042	-0.134785473	-0.062999618	0.519362475	0.405765057
HIST1H1E_P43274_S36	PRKACA	0.310244522	-0.336376975	3.031348461	3.18886748	-1.035607863	-1.305119671	5.832861312	6.243387486
SRSF1_Q6PDM2_S119	PRKACA	0.158807164	-0.153780245	0.889038358	1.344611692	0.699226764	0.374936114	1.195149207	0.230429778
MYO9B_Q9QY06_T1317	MAPK1	0.200069633	-0.205194717	-0.301628827	0.340161682	1.327287315	0.882086613	0.684248467	-1.059453224
RB1_P13405_T367	"CDK1,CDK4,CDK2"	-0.261993636	0.267064417	0.934868023	1.002133641	0.906890676	-0.451030608	0.320526002	1.188389138
TOP1_Q04750_S114	CDK1	0.337964853	-0.330553652	0.433549757	0.329502081	-0.072711936	0.137480987	0.072233908	-0.298865258
CD5_P13379_S481	CSNK2A1	0.147451353	-0.139903375	-2.089019013	-2.366802258	-1.247449217	-1.201212945	-1.814794757	-1.405944155
CD5_P13379_S482	CSNK2A1	0.16112984	-0.153386803	-2.063953074	-2.350162616	-1.251846344	-1.225189432	-1.85151703	-1.358993043
CD5_P13379_S484	CSNK2A1	0.117191244	-0.11037721	-2.269135064	-2.656185169	-1.284155395	-1.05265409	-1.838477405	-1.32008356
TERF2IP_Q91VL8_S200	CDK2	0.23865389	-0.246699467	0.778691374	0.272252953	-0.211746037	-0.208920236	-0.67226727	-0.179998236
SRRM2_Q8BTI8_S1284	MTOR	-0.002647914	0.002682076	-1.955663701	-1.769919173	-0.629501249	-0.109006504	-1.334465019	-1.114009548
NR3C1_P06537_S412	GSK3B	0.782791195	-0.664826615	0.280941667	0.527007739	-0.694544597	0.661082154	0.523293486	-0.624934391
TRPM7_Q923J1_S1255	TRPM7	-0.561255526	0.488694009	1.31211713	1.365988333	0.069060572	-0.123021946	1.610070158	1.582777082
LIG1_P37913_S51	CDK2	-0.20847253	0.198738677	-0.785667843	-0.042316307	-0.132964983	-1.573567365	-1.386729707	-3.078440559
NME1_P15532_T94	CDK1	-0.349704522	0.372448491	-2.573601787	-2.32717635	0.546546668	0.098077405	-1.359400982	-0.61921792
EIF5_P59325_S388	CSNK2A1	-0.177843186	0.167664298	-0.661064251	-0.833045079	-0.233473756	-0.219140217	0.040092202	-0.395078032
EIF5_P59325_S387	CSNK2A1	-0.177843186	0.167664298	-0.661064251	-0.833045079	-0.233473756	-0.219140217	0.040092202	-0.395078032
HNRNPD_Q60668_S83	GSK3B	-0.242076277	0.227499595	-1.33264515	-0.487603781	0.192632787	-0.310382945	-0.695459193	-1.123217476
ARHGEF7_Q9ES28_S673	"CAMK1,PRKACA"	0.403510648	-0.446621831	2.728506415	3.310278534	1.622238305	0.953551951	2.693188666	3.159198954
MAPK14_P47811_Y182	"MAP3K6,MAP3K5,MAP2K6,MAP2K3,MAP2K4,MAPK14,RET"	0.359698171	-0.353439294	0.372091496	0.924524913	-0.641993944	0.248744168	2.84851261	1.752576971
MBD3_Q9Z2D8_S85	AURKA	-0.643446573	0.576808951	5.170935406	4.364224621	2.160177533	2.91366037	5.839976007	6.292970656
POLR2A_P08775_S1917	CDK2	-0.178643815	0.187149619	-0.716264623	-0.704821104	-0.046407482	-0.087979327	-0.543695088	-0.313361419
NPM1_Q61937_S125	ATR	0.176970965	-0.182717261	-1.702207085	-1.593261629	-0.172141224	-0.054726629	-0.504537351	-0.658667683
EMD_O08579_Y86	"SRC,ABL1"	1.046195344	-1.17035009	0.7688416	1.956012743	0.683692398	0.828388431	-0.522174968	0.08064147
LMNA_P48678_S390	CDK1	-0.102125689	0.097370443	0.983082424	1.066468028	-1.366049651	-2.419062445	-1.027301007	-1.457292908
VIM_P20152_S430	PRKDC	0.016359905	-0.016151586	-0.955182991	-0.766186253	0.202817344	0.491400464	-0.438872054	-0.495237007
CARHSP1_Q9CR86_S53	"RPS6KA1,AKT1,SGK1"	1.01399674	-0.804907504	2.085352173	2.26418197	-1.349533721	0.518437188	0.906020858	-0.644438197
CARHSP1_Q9CR86_S42	DYRK2	1.358090852	-1.17414098	0.129303456	0.533429554	-1.223831479	0.487585	0.881810839	-1.049363623
EIF4EBP1_Q60876_T36	"MAPK1,RPS6KA5,MAPK14,GSK3B,MTOR"	-0.020220339	0.02066678	-0.900228652	-1.390554595	-1.016295745	-1.362088007	-2.778898243	-2.065642191
CARHSP1_Q9CR86_S31	DYRK2	0.174208827	-0.111946591	-1.13862567	-1.244751006	-1.879734163	-0.03451042	-0.413950884	-1.90153834
ABCF1_Q6P542_S138	CSNK2A1	-0.111717207	0.111491259	-0.796757698	-0.943446325	-3.58E-04	-0.112553528	-0.218278218	-0.481038987
ABCF1_Q6P542_S107	CSNK2A1	-0.04899085	0.049619522	-0.132056099	-0.151023695	-0.058165762	0.036240004	0.09928759	0.008387015
IRF3_P70671_S379	"TBK1,IKBKE"	-0.316733851	0.314440325	-4.698120439	-3.745440231	-0.766682545	-1.222568443	-2.41712503	-2.178802099
PGAM1_Q9DBJ1_S118	PAK1	0.579224966	-0.565939598	-0.391874171	-0.942301092	-0.909960947	-0.445666974	-0.856931629	-1.047522927
CDK7_Q03147_S164	"CDK1,CDK2"	-0.420222302	0.418553588	-0.803722321	-0.124440178	0.110511692	-0.345708136	-0.013926559	-0.098830236
EDC3_Q8K2D3_S161	"AKT1,AKT2"	0.215526688	-0.217607953	0.952058342	1.423680136	0.129830722	0.142772662	2.234816742	1.431526113
VIM_P20152_S72	"ROCK1,PRKACA"	0.200863662	-0.207312359	-5.511907547	-4.961531852	0.636474116	0.473200354	-4.627820287	-5.445683337
VIM_P20152_S73	"AURKB,PRKACA,PAK1"	0.374729101	-0.403910382	-8.472119297	-10.52828405	0.230068607	0.385806942	-12.61237806	-7.64657085
VIM_P20152_S55	"CDK1,CDK2"	0.384763248	-0.415790667	3.682347402	4.180638349	0.849191593	0.499820131	4.535781489	3.621409479
VIM_P20152_S56	"PAK1,CDK1,CDK5,CDK2,PRKDC"	0.061597242	-0.061481145	3.867594221	4.187187158	1.535600926	0.016985423	4.079059267	3.164586826
LMNB1_P14733_S406	PRKCB	-0.037941675	0.036262571	-0.98625568	-0.567597382	-0.394046765	-0.505504834	-0.064781281	-0.848379666
NUP133_Q8R0G9_S27	CDK2	0.824303411	-1.053289972	0.507678866	0.928231588	1.202717796	-0.216832684	1.374659058	-0.459648377
STK10_O55098_T950	MAPK1	0.114173075	-0.117129038	1.132312853	0.831683698	-0.028252379	-0.39622506	0.215177299	0.293058087
TRPM7_Q923J1_S1406	TRPM7	-0.537914391	0.470639665	1.463470275	0.542523475	-0.141810243	0.454893801	1.312037307	0.531022514
LBR_Q3U9G9_S71	CDK1	-0.116557627	0.119606667	-0.484057525	-0.513588225	1.68885772	1.91846183	-0.831801165	-0.48164862
TRPM7_Q923J1_S1445	TRPM7	0.084166064	-0.084513873	1.224997819	0.705150144	-0.95599156	-0.932146305	-0.904121348	-0.613443282
NFATC1_O88942_S247	PRKACA	-0.028315338	0.029462606	1.220547174	1.773012317	1.156347625	1.206600109	2.527263607	0.943346066
NFATC1_O88942_S271	PRKACA	0.09370311	-0.100180346	-0.21436283	-0.030424014	-1.663817255	-0.571180757	0.14873084	-0.581301713
MARCKS_P26645_S26	CDK2	0.588730311	-0.612405997	2.734131597	2.375419243	-0.280514729	-2.362507612	1.701607235	2.290662271
STK4_Q9JI11_S327	STK4	-0.066340257	0.062729553	-0.914638931	-1.017745255	-0.448502749	-0.46226205	-0.477247935	-0.89644302
ATF2_P16951_T51	"MAPK3,MAPK9,MAPK8,MAPK14,PLK3"	0.146724371	-0.140480151	-0.564471359	-0.765772614	0.974156589	0.152292769	-0.314884763	-1.479601293
ATF2_P16951_T53	"MAPK1,MAPK3,MAPK9,MAPK8,MAPK14,PLK3"	0.047503216	-0.044351243	-0.270676272	-0.379275095	1.094100983	0.347100877	-0.120147992	-1.046854157
BRD9_Q3UQU0_S587	MTOR	0.077079033	-0.072273877	0.835858456	0.467102104	-0.51678303	-0.253979518	-0.03957604	0.022532352
NUDC_O35685_S139	CDK2	-0.160466291	0.166404871	-2.827670115	-2.706226303	-0.180491202	-0.279435817	-1.04126451	-0.761469617
NUDC_O35685_S136	CDK2	-0.200250336	0.205709831	-3.906488168	-2.460967893	0.089786663	-1.470303949	-0.456608036	-1.011918708
CDK7_Q03147_T170	"CDK1,CDK2"	0.02787787	-0.03058451	-2.729671589	-1.952457277	-0.008946591	0.271838704	-1.24929129	-0.997500681
IGF2R_Q07113_S2401	CSNK2A1	0.107694521	-0.103288233	0.005552254	-0.076150142	0.007354286	0.336982235	0.743973133	0.641475739
PSMA3_O70435_S250	CSNK2A1	0.208566486	-0.194646669	-0.575233815	-0.534704977	-0.607582982	-0.06729192	-0.361008058	-0.63679693
CCNL2_Q9JJA7_S366	DYRK1A	-0.050968703	0.051659198	-0.535321858	-0.249845927	0.133761541	0.20041255	-0.354762012	-0.41173209
CIC_Q924A2_S1080	"RPS6KA3,RPS6KA1"	0.027682144	-0.028090509	-0.056441618	-0.088795915	0.459200446	0.615065088	-0.343130952	0.025792779
RABEP1_O35551_S407	PRKD1	0.375464076	-0.363519414	-0.293746442	-0.065683148	-0.706239584	-0.434595082	-0.216821278	-0.340831162
SP1_O89090_S61	"MAPK1,MAPK3"	0.200607741	-0.183002568	0.848100621	-0.349633218	-0.202846785	0.511202025	0.70748847	-1.013393519
IKBKB_O88351_S697	IKBKB	-0.156540713	0.16179208	1.107275862	1.518903987	0.451280604	0.584769998	0.77411794	1.748568319
HSF1_P38532_S307	MAPK3	-0.175046656	0.188798796	-0.485825735	-0.412481434	0.499023504	-0.061074124	-0.595807694	-0.529741535
HSF1_P38532_S303	GSK3B	-0.160686638	0.173935358	-0.73718901	-0.463689025	0.252045677	-0.429454696	-0.824358262	-0.551011803
IKBKB_O88351_S689	IKBKB	-0.674277855	0.621210419	1.551577831	0.599369367	0.678018931	-0.351068944	1.44149037	1.098275662
NME2_Q01768_T94	CDK1	-0.336986434	0.357724541	-3.103454049	-2.789929752	0.429608904	-0.091934782	-1.963985663	-1.035862377
NCBP1_Q3UYV9_S7	RPS6KB1	0.04159332	-0.042982271	-2.690632083	-2.069929123	0.011098086	-0.207952686	-2.048268535	-2.042767585
MYL12B_Q3THE2_S20	"AURKB,ILK,ROCK1,ROCK2,MAP3K12,MYLK,PAK4,DAPK3,DAPK1"	-0.406144149	0.373205351	-0.234678509	-0.869431228	0.209703956	0.121486004	0.879071343	1.504571093
NCOA3_O09000_S720	CDK1	-0.154976334	0.165855755	-0.074621173	0.265334282	0.312333147	0.054562901	-0.273705044	0.536165641
ADRBK1_Q99MK8_S670	CDK2	-0.031506052	0.033609492	-3.212430362	-3.247862698	-0.836841245	-0.616475227	-2.695250977	-2.137903037
LIPE_P54310_S559	"CAMK1,PRKAA1,PRKACA,CAMK2A"	-0.065990151	0.069558954	-0.794723773	-1.145595369	0.262282667	-0.307920995	-1.118146603	-0.006385034
VIM_P20152_S10	PRKCA	-0.044915214	0.043743514	1.826183725	1.196742121	0.343789299	0.324080491	1.665327795	1.415063847
PDLIM4_P70271_S119	PRKACA	0.030409118	-0.028943177	-0.754192513	-0.037581987	-0.023218323	-0.151804867	-0.114056983	-0.972053299
VIM_P20152_S39	"AURKB,PRKACA,AKT1,PAK1,PRKCA,CAMK2A"	0.28763715	-0.303297809	-0.845076419	0.637826048	2.282277839	1.61240562	2.463387063	1.147191583
VIM_P20152_S47	"AURKB,PRKACA"	0.076399679	-0.076524571	1.387595019	1.461901394	0.324370174	0.516308695	1.325677199	1.166255124
FLNA_Q8BTM8_S2152	"RPS6KA1,PRKACA,PAK1"	0.353222073	-0.353703591	-1.009404558	-0.609745865	0.578565997	0.749175357	0.064878762	-0.117765971
KDM2A_P59997_T550	CDK2	-0.298535787	0.310284096	-3.627849012	-2.953721498	0.07491391	-0.225660057	-2.078832496	-1.585320927
CDKN1B_P46414_S10	"MAPK1,UHMK1,RPS6KA3,RPS6KA1,DYRK1B,AKT1,CDK6,CDK5,HIPK2,CAMK2A"	-0.050153664	0.051305673	3.286052905	2.102290396	0.097941102	0.007708138	1.034475024	1.484433669
ADD1_Q9QYC0_S12	CDK1	0.099058323	-0.103358435	-0.148725678	-0.154057401	-0.193283801	-0.208013893	-0.369848818	0.101682477
PIKFYVE_Q9Z1T6-1_S318	AKT1	0.219062288	-0.235835974	0.381611739	0.297370247	0.033362025	-0.244394862	0.251388144	0.081021199
LSP1_P19973_S243	MAPKAPK2	0.169692923	-0.1616459	0.055550579	0.010559228	-0.247768671	0.047220372	-0.222826315	-0.251657894
FOXO3_Q9WVH4_S293	"MAPK1,MAPK3,MAPK14"	0.155619053	-0.153510318	-0.17682929	0.010803384	-0.383040535	-0.316961571	-0.048040873	-0.47013684
CRY2_Q9R194_S553	GSK3B	-0.125831525	0.122335575	-1.365683706	-1.959416885	-0.20571362	-0.719530058	-1.901553582	-1.400690733
DCK_P43346_S11	CSNK1D	0.169126852	-0.167987921	0.257997904	0.019326164	0.764348248	0.80045896	1.351408891	0.612193082
DPF2_Q61103_T248	CDK2	-0.066740992	0.066712376	0.504841914	1.601801642	0.861875383	0.519626668	0.905676168	0.403722988
MEF2A_Q60929_S406	"MAPK14,CDK5"	0.335401351	-0.323763837	-1.604611935	-1.405762372	-0.959426059	0.068553713	-1.349751378	-2.446751833
UBE2O_Q6ZPJ3_S833	CDK2	0.456114056	-0.464924101	-1.732382215	-1.236916688	0.055334934	-0.056844532	-0.818357538	-0.63059988
PDPK1_Q9Z2A0_S244	PDPK1	-0.511757587	0.488820795	-0.552730513	0.198083707	0.692748437	-0.569375867	-0.09942935	-0.25528601
CLIP1_Q922J3_S194	PLK1	-0.284234721	0.262871645	-0.454614094	-0.007185599	0.187227291	-0.244441819	0.055331715	1.311619402
PTPRC_P06800_S988	CSNK2A1	0.113148473	-0.117267025	2.598899776	2.536894971	0.254392665	0.122257077	2.869201157	3.599922429
PTPRC_P06800_S996	CSNK2A1	-1.472913326	1.101302293	9.4256113	9.585456315	3.497373115	1.960994738	9.644286115	10.71235111
PTPRC_P06800_S991	CSNK2A1	0.10762428	-0.111392771	2.129896915	2.168722079	0.317195909	0.267980513	2.426203609	2.909196041
PTPRC_P06800_S992	CSNK2A1	0.064963959	-0.066551928	2.192955915	2.099414944	0.304137879	0.267492608	2.435171661	2.942124747
ARHGEF7_Q9ES28_S497	PRKCG	-0.010901575	0.01089515	-0.310758304	-0.11807642	0.12588022	0.171497482	-0.279329614	0.078751872
STIM1_P70302_S575	"MAPK1,MAPK3"	0.447415095	-0.465447309	1.330534281	1.233336135	-0.239102118	0.236216684	1.2598365	2.592949144
SNAP23_O09044_S120	"IKBKB,PRKCA"	0.170111594	-0.171408721	-0.515578026	-0.733084634	-1.436420537	-1.391237974	-1.367470765	-2.112819389
NPM1_Q61937_S70	"CDK1,CDK2"	0.101873936	-0.103293323	-2.966724246	-2.741287495	-0.935220733	-1.295037038	-2.43176478	-2.99916078
AFAP1_Q80YS6_S669	MTOR	0.205540744	-0.205149189	-0.334635393	-0.412743799	-0.012626852	0.074920547	0.552695472	-0.108381576
PRKAR1A_Q9DBC7_S83	CDK2	0.626615061	-0.547142225	0.36410367	0.052274274	0.131000011	0.571305579	0.675730431	-0.397851914
PML_Q60953_S404	MAPK7	0.008365046	-0.008869894	-0.800374541	-0.360525607	-0.054864842	-0.491992555	-0.11835603	-0.157104257
HNRNPK_P61979_S284	MAPK3	0.063290849	-0.062953089	0.068098861	-0.074460023	-0.428600283	-0.216687937	-0.822662729	-0.708404333
CAD_B2RQC6_S1859	"RPS6KB1,PRKACA,RAPAMYCIN"	0.462747306	-0.487380866	3.877108649	4.025821144	0.144073318	0.384372806	0.071239078	-0.173766353
MDM4_O35618_S341	"CHEK1,CHEK2,PRKAA1"	0.31855931	-0.330294326	0.544134294	0.351304552	0.495304313	0.530886735	-0.0631067	-0.328484677
KLC2_O88448_S575	PRKAA1	0.062482724	-0.061570005	-0.046342617	0.3157698	0.175469209	0.228420629	0.664205105	0.806298596
PFKL_P12382_T773	PRKACA	0.197077803	-0.206162833	-3.71311364	-3.193328813	0.699212399	0.370739508	-5.047462344	-4.709633574
ARPP19_P56212_S104	PRKACA	0.625089386	-0.617728248	0.740411107	0.211167422	-1.925504422	0.153795767	1.454805231	-2.239520093
